             precision    recall  f1-score   support

       一级标题     0.8465    0.8519    0.8492      1107
       三级标题     0.9377    0.9377    0.9377      2827
      中文关键词     0.9862    0.9226    0.9533       155
     中文摘要内容     0.9787    0.9020    0.9388       153
     中文摘要标题     0.9789    0.9085    0.9424       153
       二级标题     0.8889    0.8977    0.8933      2904
         公式     0.7528    0.7869    0.7695       685
         单位     0.0000    0.0000    0.0000        25
       四级标题     0.8986    0.4493    0.5991       296
         图片     0.9500    0.9489    0.9495      3405
         图题     0.9806    0.9683    0.9744      3127
         姓名     0.0000    0.0000    0.0000        26
        文本段     0.9640    0.9781    0.9710     21645
       程序代码     0.7304    0.7507    0.7404      1043
      英文关键词     0.9847    0.9348    0.9591       138
     英文摘要内容     0.9844    0.9130    0.9474       138
     英文摘要标题     0.9618    0.9197    0.9403       137
         表格     0.9172    0.8435    0.8788      1208
         表题     0.9702    0.9359    0.9527      1077
       论文名称     0.5769    0.7059    0.6349        85
         错误     0.0000    0.0000    0.0000         0

avg / total     0.9406    0.9415    0.9403     40334
